33,512
33,448
0,527
33,425
0,526
33,424
33,423
33,422
33,421
33,420
33,419
33,418
33,417
33,416
33,415
33,414
33,413
33,412
33,411
33,410
33,409
33,408
33,407
33,406
33,405
33,404
33,403
33,402
33,401
33,400
33,399
33,398
33,397
33,396
33,395
33,394
33,393
33,392
33,391
33,390
33,389
33,388
33,387
33,386
33,385
33,384
33,383
33,382
33,381
33,380
33,379
33,378
33,377
33,376
33,375
33,374
33,373
33,372
33,371
33,370
33,369
33,368
33,367
33,366
33,365
33,364
33,363
33,362
33,361
33,360
33,359
33,358
33,357
33,356
33,355
33,354
33,353
33,352
33,351
33,350
33,349
33,348
33,347
33,346
33,345
33,344
33,343
33,342
33,341
33,340
33,339
33,338
33,337
33,336
33,335
33,334
33,333
33,332
33,331
33,330
33,329
33,328
33,327
33,326
33,325
33,324
33,323
33,322
33,321
33,320
33,319
33,318
33,317
33,316
33,315
33,314
33,313
33,312
33,311
33,310
33,309
33,308
33,307
33,306
33,305
33,304
33,303
33,302
33,301
33,300
33,299
33,298
33,297
33,296
33,295
33,294
33,293
33,292
33,291
33,290
33,289
33,288
33,287
33,286
33,285
33,284
33,283
33,282
33,281
33,280
33,279
33,278
33,277
33,276
33,275
33,274
33,273
33,272
33,271
33,270
33,269
33,268
33,267
33,266
33,265
33,264
33,263
33,262
33,261
33,260
33,259
33,258
33,257
33,256
33,255
33,254
33,253
33,252
33,251
33,250
33,249
33,248
33,247
33,246
33,245
33,244
33,243
33,242
33,241
33,240
33,239
33,238
33,237
33,236
33,235
33,234
33,233
33,232
33,231
33,230
33,229
33,228
33,227
33,226
33,225
33,224
33,223
33,222
33,221
